       0
       0
      10
      85
     129
     111
     138
     138
     135
     149
     153
     164
     175
     160
     171
     196
     169
     152
     177
     179
     162
     164
     179
     162
     181
     151
     157
     163
     164
     187
     157
     149
     146
     151
     156
     183
     159
     137
     155
     159
     137
     148
     131
     148
     120
     136
     137
     150
     143
     161
     107
     132
     136
     142
     116
     141
     121
     118
     139
     131
     138
     125
     101
     124
     110
     102
     134
     120
     118
     113
      91
     115
     109
     117
     102
     106
     119
      95
     107
      99
     104
      87
     108
      89
     104
     112
     103
      91
      98
      90
     105
      92
      87
      92
      93
      87
      80
      79
      94
      83
      88
     108
      99
      60
      72
      62
      90
      78
      73
      93
      76
      76
      69
      66
      68
      77
      77
      81
      81
      57
      63
      62
      75
      72
      71
      60
      68
      58
      72
      69
      67
      70
      83
      57
      85
      68
      51
      69
      64
      72
      67
      57
      63
      50
      51
      63
      44
      57
      50
      60
      56
      52
      43
      56
      50
      58
      42
      51
      52
      47
      53
      45
      52
      43
      59
      46
      65
      62
      55
      46
      49
      51
      60
      58
      43
      46
      53
      51
      50
      41
      45
      51
      60
      52
      44
      42
      41
      53
      66
      39
      40
      41
      44
      30
      42
      45
      42
      36
      49
      39
      49
      51
      35
      37
      28
      41
      57
      44
      46
      31
      44
      39
      40
      42
      39
      37
      31
      40
      28
      45
      32
      40
      35
      17
      29
      34
      33
      25
      43
      43
      26
      42
      23
      23
      32
      29
      34
      27
      43
      27
      44
      34
      35
      30
      29
      35
      26
      26
      39
      25
      24
      33
      23
      30
      23
      25
      19
      29
      28
      27
      26
      23
      21
      26
      27
      29
      27
      27
      30
      29
      27
      24
      24
      34
      21
      28
      29
      21
      24
      30
      17
      26
      27
      29
      29
      17
      29
      25
      32
      28
      32
       9
      17
      23
      17
      27
      19
      21
      19
      30
      31
      23
      16
      24
      21
      20
      24
      25
      24
      30
      28
      21
      30
      20
      17
      35
      24
      26
      20
      22
      23
      23
      17
      24
      23
      22
      20
      15
      23
      14
      27
      22
      15
      28
      17
      16
      26
      14
      18
      28
      23
      14
      31
      22
      14
      14
      21
      26
      15
      21
      22
      18
      20
      20
      14
      28
      16
      26
      23
      20
      12
      19
      18
      13
      16
      23
      19
      27
      19
      20
      27
      20
      22
      17
      20
      19
      15
      18
      11
      21
      19
      26
      16
      15
      17
      16
      16
      20
      17
      24
      14
      14
      16
      23
      15
      14
      23
       9
      20
      23
      14
      16
      19
      14
      15
      17
      16
      13
      22
      19
      24
      13
      12
      13
      18
      15
      19
      13
      19
      20
      12
      25
      19
      20
      12
      15
      20
      15
      16
      15
      18
      21
      19
      15
      21
      27
      16
      15
      17
      13
      13
      19
      18
      13
      11
      15
      13
      15
      24
      19
      22
      14
      12
      16
      16
      19
      19
      13
      13
      14
      13
      20
      20
       9
      16
      22
      14
      17
      13
      16
      14
      23
      10
      11
      12
      15
      26
      12
      15
      15
      11
      11
      13
      19
      12
      10
      18
      17
      10
      10
      16
       8
      13
      12
      18
      22
      18
      19
      17
      11
      14
      10
      13
      13
      19
      20
      12
      12
      11
      12
      14
      18
      20
      11
      14
       8
      17
      21
      14
      18
      22
      16
      22
      16
      11
      11
      13
      18
      14
      16
      20
      15
      13
      15
      16
      21
      12
      16
      14
      12
      11
      15
      14
      16
      20
      10
      20
      14
      16
      21
      13
      18
      16
      14
      14
      10
      19
      16
       9
      17
      15
      13
      12
      12
      15
       9
      23
      18
      21
      15
      13
      16
      10
      12
      11
      10
      22
      10
       9
      14
      17
      16
      12
      12
      13
      20
      16
      17
      21
      16
      16
      14
      13
      10
      14
      23
      15
      11
      15
      18
      10
       7
      13
      12
      12
      10
      17
      18
      17
      12
      13
      18
      17
      12
      17
      19
      14
      14
      16
      17
      19
      16
      14
      14
       6
       9
      14
      16
      14
      14
      20
      14
      11
      14
      14
      10
      18
      18
      20
      17
      11
      20
      13
      15
      11
      18
      12
       8
      18
      16
       9
      14
       8
      18
      14
       8
      15
      12
      12
      15
      15
      13
      11
      17
      14
      14
      13
      10
      19
      21
      18
      18
      18
       9
      12
      21
      22
      20
      18
      16
      14
      19
      13
      13
      16
      20
      11
      22
      19
      16
      11
      16
      14
      17
      12
      14
      14
       9
      11
      13
      10
      15
      11
       7
      16
      18
      12
      10
      16
      12
      16
      14
      17
      14
      17
      10
      17
      13
       7
      14
      10
      12
      19
      10
      12
      11
      18
      13
      13
      16
       9
      16
       8
      11
      12
      15
      15
      22
      11
      15
      15
      13
      13
      10
      13
      11
       8
      13
      18
      15
      20
      13
      20
      11
      12
      11
      14
      11
      18
      13
      22
      11
      14
      10
      13
      18
      15
      15
      20
      14
       9
      14
       9
      12
       7
      15
      16
      17
      15
      14
      15
       7
      13
       8
      13
      15
      19
      14
      15
      12
      12
      15
      18
      20
      15
      13
      13
      19
      22
      15
      19
      15
      14
      14
       6
      12
      13
      15
       9
      15
      11
      17
      16
      16
      13
       8
      14
      17
      13
      12
      16
      22
      20
       5
      10
      15
      16
      12
       6
      17
      10
      16
      13
      15
      11
      14
       8
      22
      13
      13
      16
      13
       9
      11
      10
      17
      18
       8
       7
       4
      14
      11
      15
      11
      13
      16
      11
      14
      12
      18
      10
      11
      16
      19
      11
      14
      11
       8
      22
       9
      11
      12
      17
      19
      15
      15
      11
      10
      10
      17
      12
      15
      17
       8
      14
      13
       8
      11
       8
      17
      22
      11
      15
      19
       7
      21
      23
      18
      17
      11
      14
      20
      13
      15
      18
      13
      10
      18
       5
      19
      14
      16
       5
       9
      18
      16
      10
      10
      19
      16
      15
      13
      17
      16
      13
       8
       9
      18
       7
      18
      13
      20
      19
      13
       9
      14
       9
      18
       7
      17
      15
      14
      12
      12
      12
      10
      15
      17
      16
      11
      15
      15
      15
      13
      16
      24
      12
      15
      17
      13
      13
      11
      12
      14
      16
      17
      10
      17
       8
      17
      12
      11
      21
      12
      13
      14
      15
      13
      18
      13
      12
      16
       6
      20
      20
      16
      12
      13
      12
      14
       9
       5
       8
       7
      10
      10
       9
      14
      15
       9
      14
      13
      14
      13
      13
      11
      23
      18
      12
      11
      12
      15
      17
      19
      11
      12
      14
      15
      16
      17
      18
      12
       7
      18
       7
      20
       9
      14
      15
      16
      12
      13
      10
      12
      21
      20
       8
      13
      15
      13
      14
      18
      18
      14
       8
      12
      13
      14
      12
      19
      12
      19
      12
      14
      15
       8
      13
      11
       9
      14
      16
      13
       9
      13
      12
      14
      16
      10
      10
      24
      26
      15
      11
      17
      19
      19
      15
       8
       7
      16
      13
      17
      11
       9
      11
      18
      14
      12
      11
      13
      10
      10
      14
      11
      15
      12
      10
      11
      18
      11
      16
      17
      13
      21
       4
      14
      18
      15
       7
      13
      14
      10
      15
      12
       8
      11
      14
      11
       9
       8
      12
      17
      10
      17
      11
      14
      10
      11
      14
      11
      14
      10
      12
      17
      10
      11
      16
      10
      14
      11
      13
      15
      11
      12
      16
      15
      12
       9
      16
       9
      11
       9
      12
      16
       7
      12
      10
      22
      13
      16
      13
      12
      14
      15
      14
      17
      21
      10
      12
      20
      10
       5
       9
      11
      14
      20
      18
      22
      14
      14
      18
       9
      14
      12
      10
      21
      16
      14
      17
      21
      19
       8
      14
      12
      10
      10
      12
      12
      14
      12
      23
      12
      13
      12
       9
      21
      18
      16
      12
      17
      10
      21
      15
      14
      11
      10
      13
      10
      23
      19
      12
      18
      15
      10
       9
      10
      13
      13
      16
      13
      15
      11
      12
      13
       9
       9
      16
      13
      18
      16
      11
      11
      20
      12
      17
      12
      13
       8
      16
      21
      14
      19
      17
      12
      17
      14
      15
      10
      16
       8
      17
       6
       9
      14
      13
      13
      15
      19
      13
      10
      13
      17
      13
      10
      13
       9
      20
      16
      20
      11
      13
       6
      13
      23
      13
      19
      20
      16
      13
      16
      13
      16
      15
       9
      18
       9
      23
      10
      17
      12
      10
      20
      12
      13
      16
      14
      17
       9
      13
      12
      12
      14
      15
      13
      16
      11
       8
      15
      14
      14
      18
      13
      14
       5
      10
      15
      15
      16
      19
      14
      18
      15
      11
      12
      15
      14
      12
      13
      12
      13
      12
      12
      14
      13
      10
      17
      17
       8
       9
      18
      12
      17
      13
      16
      19
      13
      15
      13
      10
      11
      12
      19
       8
      20
      10
      15
      16
       7
       6
      19
      15
       9
      14
      17
      14
      16
      14
      15
       8
       8
      16
      11
      17
      14
       8
      19
       9
      19
      13
      11
      10
      15
      16
       9
      15
      15
      15
      14
      16
      11
      18
      10
      12
      12
      12
      14
      15
      20
      23
      10
      12
      16
      12
       7
      11
      12
      15
      15
      11
      14
      15
      14
      10
      20
      12
      14
      18
      11
      11
       9
      14
      16
      13
      15
      14
      13
      13
      11
       6
      18
       8
      16
      10
      13
       7
      12
      14
      10
      10
      19
      12
       9
       8
      16
      14
      12
      14
      11
      18
       9
      11
      18
      15
      11
      15
       5
      11
      11
      15
      14
      15
      10
      15
      10
      17
      18
      11
      18
      13
      11
      12
      23
      17
      17
      15
       9
      14
      15
      18
       9
      16
      15
      12
      18
      15
      17
      12
      14
      12
       8
      12
      10
      13
       9
      10
      13
      15
      20
       8
       6
      15
      11
      18
      12
      17
      13
      17
      10
      20
      18
       9
       7
      16
      10
      13
      14
      11
      14
      15
      15
      12
       5
      11
      12
      22
      10
       8
      14
      22
       8
      12
      13
      13
      23
      13
      13
      15
      24
      15
       9
      15
       8
      10
      13
      19
      19
      16
       6
      18
      21
      15
      12
      14
       5
      12
      13
      10
       6
      13
      20
      16
      14
       8
      15
      14
      12
      12
       9
      12
       8
      16
      16
      15
      13
      12
      11
      10
      12
      14
      13
      11
      10
      17
      10
      18
      13
      15
      15
       8
      15
      10
      13
      22
      17
      16
      20
      12
      19
      14
      14
      13
      13
      11
      16
      11
      14
      17
      11
      12
      12
      11
      11
      14
      12
      14
      13
       9
      15
      10
      11
      16
      11
       6
      17
      16
      24
      13
      14
      11
      10
      13
      10
      15
       7
      16
      19
      15
       8
      11
      10
       7
       9
      18
      16
       9
      17
      13
      16
      16
      15
      20
      15
      13
      15
       8
      15
      16
      16
       8
      14
      12
       8
      10
      18
      14
      11
      14
      16
      13
      14
      12
      13
      10
      17
      17
      11
      14
      13
      19
      17
       8
      12
      12
       8
      16
       8
      15
      17
       7
      19
      12
      10
      14
      19
      18
      11
      11
      14
      12
      16
       9
      21
      12
      14
      16
      15
      16
      12
      12
      10
       9
      14
       9
       6
      13
      12
      14
       8
      11
       7
      16
      12
      12
      13
      15
      10
      17
      14
      16
      12
      13
      12
      14
       9
      10
      15
      15
      21
      10
      11
       9
      10
      13
      17
      12
      12
      15
      12
      20
      11
      12
       7
      15
      19
       4
      11
      13
      13
      15
      13
       9
      10
      15
      13
      15
      23
      10
       5
      15
      17
       8
      12
      17
      20
      18
       9
      12
      21
      11
      13
      14
       8
      17
      15
      15
      18
      17
       8
       6
      14
      10
      13
      14
      16
      12
       7
      18
      13
      15
      13
      14
      11
      14
      17
      13
      26
       8
      16
      16
      16
      10
      14
      10
       6
      12
      12
      20
      11
      11
      14
      11
      18
      10
      15
      11
      18
      10
      15
      10
      13
      11
      15
      10
      12
       7
      21
      10
      10
       6
      18
      12
      12
      13
      14
       9
      13
      16
      11
      14
      12
      11
      16
      11
      12
      14
       9
      12
      12
      19
      18
       8
      18
       7
      16
      17
      14
      20
      10
      28
      14
      11
      10
      14
      25
      19
      13
      17
      19
       3
      14
       8
      19
      17
      12
      18
      15
      16
       9
      12
      18
       9
      19
      11
       8
      11
      18
      17
      15
      13
      12
      13
       8
      10
       8
      13
      11
      14
       6
      10
      13
      15
      12
      15
      13
      13
       5
      13
      10
      16
      16
       7
      11
      16
      17
      11
      17
      21
      15
      16
      14
      13
      18
       9
      10
       9
      15
      13
      13
      11
       9
      12
      16
      10
      13
      13
      17
      12
       7
      11
      11
      11
      20
      11
      10
      19
      12
      13
      15
      15
       9
      13
      13
      12
      16
      13
      12
      13
      11
      13
      23
      13
       8
      13
      19
       8
      12
      16
      16
      19
      10
      17
      23
      12
      21
      16
       7
      17
      13
      13
      12
      11
      11
      39
      49
      27
      41
      45
      30
      36
      29
      37
      38
      35
      30
      28
      29
      28
      30
      28
      22
      33
      32
      27
      29
      24
      26
      27
      31
      26
      22
      25
      20
      17
      18
       9
      19
      23
      19
       8
      13
      20
      16
      16
       7
      18
      14
      12
       9