0.0026	0.888498183
1	1.269516455
2.001	1.648253948
3.002	2.018283128
4.004	2.390150784
5.002	2.761943339
5.5	2.950934824
5.12	2.81019155
5.209	2.839702082
5.268	2.864019956
5.401	2.911606724
5.591	2.986493102
5.704	3.029161485
5.805	3.065061369
5.903	3.104158651
6.007	3.142259115
6.104	3.179195304
6.205	3.216698796
6.308	3.252469492
6.402	3.290727883
6.508	3.330628425
6.756	3.408855762
6.8	3.426057634
7.003	3.502600708
7.241	3.587860758
7.512	3.688695476
7.756	3.777613081
8.049	3.883954222
8.537	4.077657625
9.065	4.35110451
9.549	4.696383845
10.076	5.286811114
10.495	5.953112558
10.763	6.599816531
11.026	7.746386661
11.139	13.11619698