-9.87	0	0.181	0
-7.61	0	2.343	0
-5.35	1	4.505	0
-3.09	0	6.667	0
-0.83	2	8.829	0
1.43	0	10.991	0
3.69	1	13.153	0
5.95	2	15.315	0
8.21	0	17.477	0
10.47	0	19.639	0
12.73	1	21.801	0
14.99	2	23.963	0
17.25	3	26.125	0
19.51	0	28.287	2
21.77	0	30.449	0
24.03	0	32.611	0
26.29	1	34.773	0
28.55	0	36.935	0
30.81	0	39.097	0
33.07	0	41.259	0
35.33	0	43.421	0
37.59	0	45.583	0
39.85	2	47.745	0
42.11	0	49.907	2
44.37	0	52.069	0
46.63	0	54.231	0
48.89	0	56.393	0
51.15	0	58.555	0
53.41	4	60.717	0
55.67	0	62.879	0
57.93	0	65.041	0
60.19	0	67.203	2
62.45	0	69.365	0
64.71	0	71.527	0
66.97	1	73.689	0
69.23	0	75.851	0
71.49	0	78.013	0
73.75	0	80.175	0
76.01	1	82.337	2
78.27	1	84.499	2
80.53	2	86.661	0
82.79	0	88.823	2
85.05	0	90.985	0
87.31	0	93.147	0
89.57	2	95.309	0
91.83	1	97.471	2
94.09	1	99.633	0
96.35	0	101.795	2
98.61	1	103.957	0
100.87	1	106.119	0
103.13	0	108.281	0
105.39	2	110.443	4
107.65	4	112.605	2
109.91	2	114.767	0
112.17	3	116.929	1
114.43	2	119.091	1
116.69	3	121.253	4
118.95	0	123.415	4
121.21	0	125.577	7
123.47	1	127.739	3
125.73	1	129.901	4
127.99	0	132.063	0
130.25	1	134.225	2
132.51	7	136.387	4
134.77	0	138.549	0
137.03	0	140.711	6
139.29	2	142.873	6
141.55	0	145.035	6
143.81	0	147.197	8
146.07	0	149.359	0
148.33	2	151.521	2
150.59	0	153.683	4
152.85	4	155.845	4
155.11	2	158.007	2
157.37	0	160.169	6
159.63	1	162.331	2
161.89	3	164.493	8
164.15	3	166.655	8
166.41	2	168.817	6
168.67	4	170.979	3
170.93	5	173.141	9
173.19	4	175.303	2
175.45	1	177.465	2
177.71	2	179.627	4
179.97	5	181.789	6
182.23	1	183.951	6
184.49	6	186.113	4
186.75	5	188.275	2
189.01	0	190.437	4
191.27	0	192.599	8
193.53	4	194.761	10
195.79	4	196.923	8
198.05	4	199.085	3
200.31	2	201.247	9
202.57	1	203.409	13
204.83	2	205.571	15
207.09	1	207.733	7
209.35	1	209.895	9
211.61	2	212.057	8
213.87	7	214.219	0
216.13	4	216.381	2
218.39	1	218.543	13
220.65	7	220.705	6
222.91	3	222.867	4
225.17	1	225.029	9
227.43	7	227.191	8
229.69	2	229.353	10
231.95	6	231.515	10
234.21	4	233.677	14
236.47	0	235.839	9
238.73	5	238.001	17
240.99	1	240.163	9
243.25	3	242.325	16
245.51	3	244.487	23
247.77	4	246.649	26
250.03	3	248.811	14
252.29	10	250.973	23
254.55	3	253.135	27
256.81	7	255.297	19
259.07	7	257.459	25
261.33	5	259.621	37
263.59	5	261.783	16
265.85	2	263.945	38
268.11	14	266.107	54
270.37	6	268.269	41
272.63	10	270.431	40
274.89	12	272.593	33
277.15	11	274.755	27
279.41	8	276.917	50
281.67	9	279.079	42
283.93	6	281.241	57
286.19	7	283.403	48
288.45	15	285.565	61
290.71	15	287.727	36
292.97	17	289.889	50
295.23	18	292.051	49
297.49	28	294.213	39
299.75	29	296.375	40
302.01	22	298.537	46
304.27	20	300.699	41
306.53	17	302.861	34
308.79	16	305.023	17
311.05	16	307.185	21
313.31	19	309.347	13
315.57	27	311.509	34
317.83	27	313.671	19
320.09	26	315.833	17
322.35	31	317.995	16
324.61	37	320.157	23
326.87	34	322.319	27
329.13	42	324.481	13
331.39	28	326.643	14
333.65	33	328.805	15
335.91	30	330.967	19
338.17	20	333.129	6
340.43	25	335.291	8
342.69	48	337.453	10
344.95	58	339.615	7
347.21	27	341.777	7
349.47	39	343.939	7
351.73	42	346.101	14
353.99	30	348.263	16
356.25	35	350.425	6
358.51	38	352.587	10
360.77	42	354.749	4
363.03	30	356.911	6
365.29	35	359.073	4
367.55	25	361.235	7
369.81	30	363.397	5
372.07	34	365.559	5
374.33	33	367.721	8
376.59	30	369.883	5
378.85	29	372.045	2
381.11	23	374.207	2
383.37	15	376.369	5
385.63	16	378.531	7
387.89	19	380.693	0
390.15	15	382.855	4
392.41	9	385.017	0
394.67	8	387.179	0
396.93	16	389.341	2
399.19	12	391.503	1
401.45	12	393.665	1
403.71	7	395.827	0
405.97	9	397.989	2
408.23	6	400.151	2
410.49	13	402.313	0
412.75	8	404.475	0
415.01	5	406.637	0
417.27	5	408.799	0
419.53	8	410.961	2
421.79	8	413.123	5
424.05	3	415.285	1
426.31	6	417.447	2
428.57	11	419.609	0
430.83	7	421.771	0
433.09	2	423.933	0
435.35	3	426.095	0
437.61	3	428.257	2
439.87	5	430.419	0
442.13	2	432.581	2
444.39	1	434.743	4
446.65	5	436.905	0
448.91	3	439.067	0
451.17	4	441.229	0
453.43	1	443.391	0
455.69	3	445.553	0
457.95	5	447.715	0
460.21	1	449.877	0
462.47	1	452.039	0
464.73	3	454.201	0
466.99	3	456.363	0
469.25	1	458.525	0
471.51	2	460.687	2
473.77	0	462.849	0
476.03	0	465.011	2
478.29	1	467.173	0
480.55	0	469.335	2
482.81	3	471.497	2
485.07	4	473.659	0
487.33	1	475.821	3
489.59	4	477.983	1
491.85	0	480.145	0
494.11	2	482.307	2
496.37	0	484.469	0
498.63	0	486.631	2
500.89	0	488.793	2
503.15	0	490.955	0
505.41	1	493.117	2
507.67	1	495.279	0
509.93	0	497.441	0
512.19	0	499.603	0
514.45	0	501.765	0
516.71	2	503.927	0
518.97	0	506.089	0
521.23	0	508.251	2
523.49	0	510.413	0
525.75	2	512.575	0
528.01	2	514.737	0
530.27	2	516.899	0
532.53	0	519.061	0
534.79	0	521.223	1
537.05	1	523.385	1
539.31	1	525.547	0
541.57	0	527.709	2
543.83	0	529.871	0
546.09	0	532.033	0
548.35	0	534.195	0
550.61	0	536.357	0
552.87	0	538.519	0
555.13	0	540.681	0
557.39	1	542.843	0
559.65	2	545.005	0
561.91	1	547.167	2
564.17	0	549.329	2
566.43	0	551.491	0
568.69	1	553.653	0
570.95	2	555.815	0
573.21	1	557.977	2
575.47	1	560.139	0
577.73	0	562.301	0
579.99	0	564.463	0
582.25	0	566.625	0
584.51	0	568.787	0
586.77	0	570.949	0
589.03	0	573.111	0
591.29	0	575.273	0
593.55	0	577.435	0
595.81	0	579.597	2
598.07	0	581.759	0
600.33	0	583.921	0
602.59	0	586.083	0
604.85	0	588.245	0
607.11	0	590.407	0
609.37	0	592.569	0
611.63	0	594.731	0
613.89	2	596.893	0
616.15	1	599.055	0
618.41	3	601.217	0
620.67	0	603.379	0
622.93	1	605.541	0
625.19	1	607.703	0
627.45	0	609.865	0
629.71	0	612.027	0
631.97	0	614.189	0
634.23	1	616.351	0
636.49	2	618.513	0
638.75	0	620.675	0
641.01	0	622.837	0
643.27	1	624.999	0
645.53	1	627.161	0
647.79	0	629.323	0
650.05	0	631.485	0
652.31	0	633.647	0
654.57	0	635.809	0
656.83	0	637.971	0
659.09	1	640.133	0
661.35	0	642.295	2
663.61	0	644.457	0
665.87	1	646.619	0
668.13	1	648.781	0
670.39	0	650.943	0
672.65	0	653.105	0
674.91	1	655.267	0
677.17	0	657.429	0
679.43	3	659.591	0
681.69	1	661.753	0
683.95	0	663.915	0
686.21	0	666.077	0
688.47	0	668.239	0
690.73	0	670.401	2
692.99	0	672.563	0
695.25	0	674.725	0
697.51	0	676.887	2
699.77	1	679.049	0
702.03	0	681.211	0
704.29	0	683.373	0
706.55	0	685.535	0
708.81	0	687.697	0
711.07	0	689.859	0
713.33	2	692.021	0
715.59	0	694.183	0
717.85	0	696.345	0
720.11	0	698.507	0
722.37	0	700.669	0
724.63	0	702.831	0
726.89	0	704.993	0
729.15	0	707.155	0
731.41	0	709.317	0
733.67	1	711.479	2
735.93	1	713.641	0
738.19	0	715.803	0
740.45	0	717.965	0
742.71	0	720.127	0
744.97	0	722.289	0
747.23	0	724.451	0
749.49	0	726.613	0
751.75	0	728.775	0
754.01	0	730.937	0
756.27	0	733.099	0
758.53	0	735.261	0
760.79	0	737.423	0
763.05	1	739.585	0
765.31	1	741.747	0
767.57	0	743.909	2
769.83	0	746.071	0
772.09	0	748.233	0
774.35	0	750.395	0
776.61	1	752.557	0
778.87	1	754.719	0
781.13	0	756.881	0
783.39	0	759.043	0
785.65	0	761.205	0
787.91	0	763.367	0
790.17	0	765.529	0
792.43	0	767.691	0
794.69	0	769.853	0
796.95	0	772.015	0
799.21	0	774.177	0
801.47	0	776.339	0
803.73	0	778.501	0
805.99	0	780.663	0
808.25	0	782.825	0
810.51	0	784.987	0
812.77	0	787.149	0
815.03	0	789.311	0
817.29	0	791.473	0
819.55	0	793.635	0
821.81	0	795.797	0
824.07	0	797.959	0
826.33	0	800.121	0
828.59	0	802.283	0
830.85	0	804.445	0
833.11	0	806.607	0
835.37	0	808.769	0
837.63	0	810.931	0
839.89	0	813.093	0
842.15	0	815.255	0
844.41	0	817.417	0
846.67	0	819.579	0
848.93	0	821.741	0
851.19	0	823.903	2
853.45	0	826.065	0
855.71	0	828.227	1
857.97	0	830.389	1
860.23	0	832.551	0
862.49	0	834.713	2
864.75	0	836.875	0
867.01	0	839.037	0
869.27	0	841.199	0
871.53	0	843.361	0
873.79	0	845.523	0
876.05	0	847.685	0
878.31	0	849.847	0
880.57	0	852.009	0
882.83	0	854.171	0
885.09	0	856.333	0
887.35	0	858.495	0
889.61	0	860.657	0
891.87	0	862.819	0
894.13	0	864.981	0
896.39	0	867.143	0
898.65	2	869.305	0
900.91	0	871.467	0
903.17	0	873.629	0
905.43	0	875.791	0
907.69	0	877.953	0
909.95	0	880.115	0
912.21	0	882.277	0
914.47	0	884.439	0
916.73	0	886.601	0
918.99	0	888.763	0
921.25	0	890.925	0
923.51	0	893.087	0
925.77	0	895.249	2
928.03	0	897.411	0
930.29	0	899.573	0
932.55	0	901.735	0
934.81	0	903.897	0
937.07	0	906.059	0
939.33	0	908.221	0
941.59	0	910.383	0
943.85	0	912.545	0
946.11	0	914.707	1
948.37	1	916.869	1
950.63	1	919.031	1
952.89	0	921.193	1
955.15	0	923.355	0
957.41	0	925.517	0
959.67	0	927.679	1
961.93	0	929.841	1
964.19	0	932.003	0
966.45	0	934.165	0
968.71	2	936.327	0
970.97	0	938.489	0
973.23	0	940.651	0
975.49	0	942.813	0
977.75	0	944.975	0
980.01	0	947.137	0
982.27	0	949.299	0
984.53	0	951.461	0
986.79	0	953.623	0
989.05	0	955.785	0
991.31	0	957.947	0
993.57	0	960.109	0
995.83	0	962.271	0
998.09	0	964.433	0
1000.35	0	966.595	0
1002.61	0	968.757	0
1004.87	1	970.919	0
1007.13	1	973.081	0
1009.39	0	975.243	0
1011.65	0	977.405	0
1013.91	0	979.567	0
1016.17	0	981.729	4
1018.43	0	983.891	2
1020.69	0	986.053	0
1022.95	0	988.215	0
1025.21	0	990.377	0
1027.47	0	992.539	0
1029.73	0	994.701	0
1031.99	0	996.863	0
1034.25	0	999.025	0
1036.51	0	1001.187	0
1038.77	0	1003.349	0
1041.03	0	1005.511	2
1043.29	0	1007.673	0
1045.55	0	1009.835	0
1047.81	0	1011.997	0
1050.07	0	1014.159	0
1052.33	0	1016.321	2
1054.59	0	1018.483	0
1056.85	0	1020.645	0
1059.11	0	1022.807	0
1061.37	0	1024.969	0
1063.63	0	1027.131	0
1065.89	0	1029.293	0
1068.15	0	1031.455	0
1070.41	0	1033.617	0
1072.67	0	1035.779	0
1074.93	0	1037.941	0
1077.19	0	1040.103	2
1079.45	0	1042.265	0
1081.71	0	1044.427	0
1083.97	0	1046.589	0
1086.23	0	1048.751	0
1088.49	0	1050.913	0
1090.75	0	1053.075	0
1093.01	0	1055.237	0
1095.27	0	1057.399	0
1097.53	0	1059.561	0
1099.79	0	1061.723	0
1102.05	0	1063.885	0
1104.31	0	1066.047	0
1106.57	0	1068.209	0
1108.83	0	1070.371	0
1111.09	0	1072.533	0
1113.35	0	1074.695	0
1115.61	0	1076.857	0
1117.87	0	1079.019	0
